0.25 < pt < 0.3 [GeV/c]
ycm={-0.75,-0.65,-0.55,-0.45,-0.35,-0.25,-0.15,-0.05,0.05,0.15,0.25,0.35,0.45,0.55,0.65,0.75};
v1={-0.196768,-0.182841,-0.164134,-0.141428,-0.125698,-0.104211,-0.084898,-0.0595217,-0.0324197,-0.00707901,0.0206448,0,0,0,0,0};
err={0.0152663,0.00296704,0.00170514,0.0012173,0.000865413,0.000846476,0.000882528,0.00095935,0.00120553,0.00271049,0.0525181,0,0,0,0,0};
****************************************
0.4 < pt < 0.45 [GeV/c]
ycm={-0.75,-0.65,-0.55,-0.45,-0.35,-0.25,-0.15,-0.05,0.05,0.15,0.25,0.35,0.45,0.55,0.65,0.75};
v1={-0.316619,-0.289636,-0.241602,-0.197023,-0.158525,-0.117834,-0.0779202,-0.0392322,0.00281265,0.0495004,0.0925372,0.13118,0.172285,0.319424,0,0};
err={0.00424143,0.00166608,0.00135255,0.00125369,0.000892077,0.00081539,0.000820675,0.00083207,0.000862354,0.00088499,0.000928171,0.001146,0.00325326,0.125207,0,0};
****************************************
1.0 < pt < 1.05 [GeV/c]
ycm={-0.75,-0.65,-0.55,-0.45,-0.35,-0.25,-0.15,-0.05,0.05,0.15,0.25,0.35,0.45,0.55,0.65,0.75};
v1={-0.427595,-0.476058,-0.424467,-0.351754,-0.26514,-0.186914,-0.0953967,-0.0108056,0.07811,0.163266,0.241188,0.318504,0.387706,0.441676,0.481587,0.505032};
err={0.128894,0.00800269,0.00642451,0.00619108,0.00448761,0.00414617,0.00396025,0.0025874,0.0024355,0.00243502,0.00255515,0.00293009,0.00330053,0.00416277,0.00540652,0.00924381};
****************************************
1.2 < pt < 1.25 [GeV/c]
ycm={-0.75,-0.65,-0.55,-0.45,-0.35,-0.25,-0.15,-0.05,0.05,0.15,0.25,0.35,0.45,0.55,0.65,0.75};
v1={0.502103,-0.495869,-0.421324,-0.380404,-0.283264,-0.210175,-0.115393,-0.00351795,0.0850986,0.172561,0.256932,0.344324,0.402392,0.452819,0.525361,0};
err={0.353061,0.0172791,0.0134632,0.0124479,0.00922094,0.00788392,0.00743534,0.00567736,0.00464658,0.00458911,0.00485039,0.00559816,0.0067104,0.00873444,0.01754,0};
***************************************
0.15 < y_cm < 0.25
pt={0.05,0.15,0.25,0.35,0.45,0.55,0.65,0.75,0.85,0.95,1.05,1.15,1.25,1.35,1.45,1.55,1.65,1.75,1.85,1.95,2.05,2.15,2.25,2.35,2.45};
v1={0,0,0.0078088,0.0389832,0.0799467,0.118347,0.145269,0.170199,0.184352,0.199501,0.208788,0.211195,0.219528,0.218273,0.229079,0.24616,0.243746,0.260531,0,0,0,0,0,0,0};
err={0,0,0.00766807,0.000864348,0.000690067,0.000726451,0.000809465,0.000976864,0.00120018,0.00151861,0.00201581,0.00279442,0.00389927,0.00556334,0.00793219,0.0112801,0.0166907,0.0282297,0,0,0,0,0,0,0};
****************************************
0.35 < y_cm < 0.45
pt={0.05,0.15,0.25,0.35,0.45,0.55,0.65,0.75,0.85,0.95,1.05,1.15,1.25,1.35,1.45,1.55,1.65,1.75,1.85,1.95,2.05,2.15,2.25,2.35,2.45};
v1={0,0,0,0.118343,0.172245,0.225251,0.270309,0.304574,0.32438,0.342286,0.357503,0.366699,0.377003,0.378078,0.364425,0.381681,0.316389,0.366158,0,0,0,0,0,0,0};
err={0,0,0,0.00703405,0.000964455,0.000789829,0.000899876,0.00110122,0.00140084,0.00183697,0.00252296,0.00360794,0.00514896,0.00730808,0.0105361,0.0157415,0.0293861,0.167165,0,0,0,0,0,0,0};
****************************************
0.55 < y_cm < 0.65
pt={0.05,0.15,0.25,0.35,0.45,0.55,0.65,0.75,0.85,0.95,1.05,1.15,1.25,1.35,1.45,1.55,1.65,1.75,1.85,1.95,2.05,2.15,2.25,2.35,2.45};
v1={0,0,0,0,0.257842,0.321343,0.370534,0.409227,0.431811,0.451241,0.469225,0.469331,0.495443,0.461914,0,0,0,0,0,0,0,0,0,0,0};
err={0,0,0,0,0.0433402,0.00201883,0.00121729,0.00145352,0.00194231,0.00271956,0.00388142,0.00570488,0.00941812,0.0244392,0,0,0,0,0,0,0,0,0,0,0};
****************************************
0.65 < y_cm < 0.75
pt={0.05,0.15,0.25,0.35,0.45,0.55,0.65,0.75,0.85,0.95,1.05,1.15,1.25,1.35,1.45,1.55,1.65,1.75,1.85,1.95,2.05,2.15,2.25,2.35,2.45};
v1={0,0,0,0,0,0.372598,0.401672,0.448009,0.473469,0.494347,0.500623,0.512519,0,0,0,0,0,0,0,0,0,0,0,0,0};
err={0,0,0,0,0,0.0180363,0.00276176,0.00197938,0.00249917,0.00355725,0.00546691,0.0120946,0,0,0,0,0,0,0,0,0,0,0,0,0};
****************************************
-0.25 < y_cm < -0.15
pt={0.05,0.15,0.25,0.35,0.45,0.55,0.65,0.75,0.85,0.95,1.05,1.15,1.25,1.35,1.45,1.55,1.65,1.75,1.85,1.95,2.05,2.15,2.25,2.35,2.45};
v1={0,-0.0902043,-0.0972061,-0.0957692,-0.0992969,-0.107865,-0.112866,-0.117567,-0.128156,-0.130424,-0.143427,-0.149182,-0.167047,-0.145066,-0.16225,-0.194937,-0.15761,-0.194365,-0.185933,0,0,0,0,0,0};
err={0,0.00165878,0.000696968,0.000622544,0.000628701,0.000697583,0.000848564,0.00120579,0.00183956,0.00252534,0.00334602,0.00450405,0.00625662,0.00876789,0.0124341,0.0177429,0.0255562,0.0374679,0.0532743,0,0,0,0,0,0};
****************************************
-0.45 < y_cm < -0.35
pt={0.05,0.15,0.25,0.35,0.45,0.55,0.65,0.75,0.85,0.95,1.05,1.15,1.25,1.35,1.45,1.55,1.65,1.75,1.85,1.95,2.05,2.15,2.25,2.35,2.45};
v1={0,-0.120508,-0.129805,-0.153522,-0.183496,-0.219498,-0.248313,-0.273445,-0.286925,-0.295372,-0.310168,-0.317248,-0.336067,-0.326191,-0.287918,-0.367756,-0.421041,-0.410683,-0.405778,-0.478595,0,0,0,0,0};
err={0,0.00162031,0.000786738,0.000687102,0.000881592,0.00111196,0.00131067,0.00161223,0.00215014,0.00301043,0.00432845,0.00645711,0.00957398,0.0140949,0.0214915,0.0306556,0.0481116,0.0694267,0.104025,0.140428,0,0,0,0,0};
****************************************
-0.65 < y_cm < -0.55
pt={0.05,0.15,0.25,0.35,0.45,0.55,0.65,0.75,0.85,0.95,1.05,1.15,1.25,1.35,1.45,1.55,1.65,1.75,1.85,1.95,2.05,2.15,2.25,2.35,2.45};
v1={0,0,-0.169483,-0.219973,-0.277075,-0.332126,-0.371902,-0.403615,-0.429039,-0.438953,-0.454548,-0.458407,-0.475407,-0.459326,-0.502939,-0.498489,-0.560575,-0.4002,-0.327761,-0.505971,-0.854681,0,0,0,0};
err={0,0,0.00190322,0.0011589,0.00123009,0.00143973,0.00171884,0.00217334,0.00287237,0.00395945,0.00551726,0.00783065,0.0115196,0.017002,0.0259924,0.0346177,0.0557692,0.0836953,0.118161,0.159323,0.323283,0,0,0,0};
****************************************
-0.75 < y_cm < -0.65
pt={0.05,0.15,0.25,0.35,0.45,0.55,0.65,0.75,0.85,0.95,1.05,1.15,1.25,1.35,1.45,1.55,1.65,1.75,1.85,1.95,2.05,2.15,2.25,2.35,2.45};
v1={0,0,-0.196113,-0.259106,-0.316698,-0.373416,-0.419005,-0.445418,-0.466128,-0.48719,-0.477562,-0.489836,-0.519667,-0.494083,-0.582299,-0.407128,-0.738901,-0.691358,-0.92916,0,0,0,0,0,0};
err={0,0,0.00628132,0.00175814,0.00163111,0.00195356,0.00258993,0.00363886,0.00525288,0.0079491,0.0120701,0.0185919,0.0276651,0.0476396,0.071642,0.10703,0.145153,0.291072,0.372137,0,0,0,0,0,0};
