3.48e-01   4.02e-02   3.14e-04    1.45e-03    0
4.48e-01   5.18e-02   3.52e-04    1.90e-03    0
5.48e-01   6.43e-02   4.03e-04    2.40e-03    0
6.47e-01   7.52e-02   4.68e-04    2.86e-03    0
7.48e-01   8.73e-02   5.45e-04    3.23e-03    0
8.47e-01   9.82e-02   6.36e-04    3.65e-03    0
9.47e-01   1.08e-01   7.47e-04    4.04e-03    0
1.09275    0.120745   0.000140033 0.000718755 0.00379569
1.29275    0.136908   0.000187995 0.000814968 0.00419021
1.49276    0.149733   0.000251397 0.000891312 0.00450989
1.69325    0.160059   0.000333125 0.000952779 0.00477066
1.89295    0.167729   0.000437805 0.000998433 0.004966
2.09252    0.171409   0.000587363 0.00102034  0.00506017
2.29186    0.174874   0.000805875 0.00104097  0.0051491
2.49146    0.176115   0.00112674  0.00104836  0.005181
2.69109    0.177974   0.00160717  0.00105942  0.00522882
2.89109    0.172063   0.00232628  0.00102423  0.00507693
3.21302    0.17399    0.00276678  0.0010357   0.00512638
3.7177     0.160046   0.00435837  0.000952699 0.00477032
