3.48e-01   4.77e-02   6.39e-04    1.17e-03    0.0
4.48e-01   6.41e-02   7.22e-04    1.55e-03    0.0
5.48e-01   8.10e-02   8.30e-04    1.96e-03    0.0
6.47e-01   9.60e-02   9.69e-04    2.35e-03    0.0
7.47e-01   1.11e-01   1.13e-03    2.70e-03    0.0
8.47e-01   1.22e-01   1.33e-03    2.97e-03    0.0
9.47e-01   1.35e-01   1.56e-03    3.30e-03    0.0
1.09266    0.152934   0.000252307 0.000454919 0.00486687
1.29274    0.171211   0.000339175 0.000509285 0.00542706
1.49287    0.185322   0.000452994 0.000551262 0.00586091
1.69334    0.195982   0.000597692 0.000582971 0.00618925
1.89317    0.203246   0.000782117 0.000604578 0.00641322
2.09277    0.207502   0.00103961  0.000617238 0.00654455
2.29226    0.208436   0.00141501  0.000620015 0.00657336
2.49164    0.212761   0.00195781  0.000632882 0.00670689
2.69128    0.20678    0.00276678  0.000615089 0.00652225
2.89092    0.20623    0.00396067  0.000613452 0.00650527
3.21333    0.201233   0.00459846  0.000598588 0.00635112
3.72026    0.186907   0.00705915  0.000555976 0.0059097
