0.49343 0.0721273 0.000165942 0.000186519 0.00264142
0.691906 0.104316 0.000223955 0.000269757 0.00379694
0.892091 0.132448 0.000310353 0.000342506 0.00481059
1.09258 0.155029 0.000422508 0.000400901 0.00562543
1.29268 0.174569 0.000569987 0.000451429 0.00633099
1.49287 0.186574 0.000762692 0.000482475 0.00676469
1.69331 0.196395 0.00100645 0.00050787 0.00711952
1.89323 0.204086 0.00131468 0.00052776 0.00739748
2.09285 0.206502 0.00174314 0.000534008 0.00748479
2.2924 0.206203 0.00235941 0.000533233 0.00747396
2.49175 0.207161 0.00325759 0.000535712 0.0075086
2.69141 0.211908 0.00457794 0.000547988 0.00768017
2.89066 0.207091 0.00650047 0.00053553 0.00750606
3.21626 0.200322 0.00741664 0.000518026 0.00726144
3.71903 0.190806 0.0114656 0.000493418 0.00691759
