3.49e-01   1.72e-02   3.98e-04    8.68e-04    0
4.48e-01   2.27e-02   4.43e-04    1.15e-03    0
5.48e-01   2.72e-02   5.07e-04    1.42e-03    0
6.47e-01   3.33e-02   5.89e-04    1.74e-03    0
7.47e-01   3.65e-02   6.85e-04    1.91e-03    0
8.47e-01   4.15e-02   8.01e-04    2.18e-03    0
9.47e-01   4.66e-02   9.42e-04    2.54e-03    0
1.09261    0.0515616  0.000144088 0.000728581 0.00561694
1.29257    0.0590907  0.000194978 0.000837793 0.0057458
1.49249    0.0627434  0.000262933 0.00092236  0.00585561
1.693      0.0676289  0.000352223 0.000994178 0.00595535
1.89267    0.0720071  0.000468008 0.00105854  0.00604954
2.09212    0.0732551  0.000636115 0.00107689  0.00607719
2.29153    0.0757326  0.000887045 0.00111331  0.00613311
2.49117    0.0751934  0.00125822  0.00110538  0.00612082
2.69076    0.0735022  0.00181097  0.00108052  0.00608271
2.8904     0.0752588  0.00264262  0.00110634  0.00612231
3.21006    0.0694433  0.00328201  0.00102085  0.00599385
3.71388    0.0575078  0.00530527  0.000845394 0.00575532
