3.48e-01   4.58e-02   4.15e-04    1.31e-03    0
4.48e-01   6.00e-02   4.67e-04    1.78e-03    0
5.48e-01   7.49e-02   5.35e-04    2.33e-03    0
6.47e-01   8.83e-02   6.22e-04    2.71e-03    0
7.47e-01   1.02e-01   7.26e-04    3.14e-03    0
8.47e-01   1.14e-01   8.48e-04    3.54e-03    0
9.47e-01   1.25e-01   9.97e-04    3.80e-03    0
1.09277    0.1417     0.000176723 0.000597288 0.00432749
1.29278    0.159262   0.000237121 0.000671313 0.00480858
1.49281    0.173498   0.000316568 0.000731321 0.0052021
1.69333    0.183417   0.000418468 0.000773132 0.00547777
1.89307    0.19114    0.000548471 0.000805683 0.0056931
2.0926     0.19772    0.000731395 0.000833418 0.005877
2.29205    0.19894    0.000999529 0.000838563 0.00591115
2.49152    0.198051   0.00139347  0.000834816 0.00588628
2.69102    0.197105   0.00197593  0.000830827 0.0058598
2.89112    0.197934   0.00284581  0.000834323 0.005883
3.21328    0.193961   0.00335813  0.000817574 0.0057719
3.7169     0.179556   0.00526669  0.000756856 0.00537033
