3.48e-01   3.11e-02   2.85e-04    1.25e-03    0
4.48e-01   3.90e-02   3.19e-04    1.63e-03    0
5.48e-01   4.84e-02   3.65e-04    2.04e-03    0
6.47e-01   5.69e-02   4.23e-04    2.39e-03    0
7.48e-01   6.61e-02   4.92e-04    2.79e-03    0
8.47e-01   7.41e-02   5.75e-04    3.15e-03    0
9.47e-01   8.24e-02   6.75e-04    3.54e-03    0
1.09273    0.0894946  0.000125297 0.000838083 0.00601605
1.29267    0.102303   0.00016872  0.000958033 0.00620418
1.49264    0.113243   0.000226315 0.00106048  0.00637952
1.69316    0.121546   0.000301406 0.00113823  0.00652093
1.89282    0.127667   0.000397758 0.00119556  0.00662948
2.0924     0.132516   0.000536516 0.00124096  0.00671793
2.29175    0.134671   0.00074216  0.00126114  0.00675791
2.49133    0.133675   0.00104403  0.00125182  0.00673939
2.69086    0.135861   0.00149471  0.00127228  0.00678016
2.89058    0.13597    0.00216928  0.00127331  0.00678221
3.2117     0.131011   0.00263277  0.00122687  0.00669025
3.71531    0.125156   0.00419394  0.00117204  0.00658452
