0.51585 0.000727983 0.000425097 5.91707e-06 0.00519254
0.704813 0.00566308 0.000297131 4.60297e-05 0.00519816
0.900742 0.0136281 0.00026809 0.00011077 0.00522542
1.09828 0.0250257 0.000274267 0.00020341 0.00530282
1.29657 0.0370768 0.000305175 0.000301362 0.00543177
1.49522 0.048881 0.000358791 0.000397306 0.00560186
1.6949 0.0608268 0.00043779 0.000494403 0.00581419
1.89446 0.0697447 0.000542177 0.000566888 0.00599654
2.09404 0.0773137 0.000684051 0.000628409 0.00616581
2.29394 0.0842604 0.000876243 0.000684871 0.00633192
2.49392 0.0916704 0.00111554 0.000745101 0.00651955
2.69389 0.0954557 0.00142348 0.000775868 0.00661926
2.89377 0.0987706 0.00181917 0.000802811 0.00670861
3.20023 0.0940916 0.00274343 0.00076478 0.00658303
3.70353 0.107556 0.00507457 0.00087422 0.006954
