0.516645 0.00677168 0.000375119 5.36902e-05 0.00538136
0.704855 0.01606    0.00025927  0.000127334 0.00539977
0.900702 0.0316519  0.000234072 0.000250956 0.00546384
1.09819  0.0512269  0.000240063 0.000406159 0.00560105
1.29647  0.0715798  0.000267707 0.00056753  0.00580609
1.49523  0.0923915  0.000315281 0.000732539 0.00607486
1.69494  0.110862   0.00038428  0.000878984 0.00635743
1.89452  0.127135   0.000475185 0.00100801  0.00663635
2.09414  0.141641   0.000597513 0.00112302  0.00690576
2.29406  0.152214   0.000761426 0.00120685  0.00711316
2.49412  0.162737   0.000966586 0.00129028  0.0073279
2.69417  0.170938   0.00122583  0.0013553   0.00750059
2.89381  0.174922   0.00155681  0.0013869   0.00758607
3.20168  0.176266   0.00225786  0.00139755  0.00761511
3.70478  0.174752   0.00409344  0.00138555  0.0075824
