0.517613 0.0230178 0.000507777 9.63559e-05 0.00183752
0.704487 0.0416355 0.000349677 0.000174292 0.00209224
0.900176 0.0674413 0.000321383 0.000282319 0.00259195
1.0977   0.0968543 0.000336257 0.000405446 0.00327671
1.2961   0.127414  0.000381593 0.000533375 0.00405417
1.49498  0.155728  0.000455035 0.000651902 0.00480656
1.69477  0.180918  0.000558587 0.000757349 0.00549135
1.8945   0.202575  0.000693808 0.000848009 0.00608782
2.09408  0.219786  0.000872771 0.000920058 0.00656557
2.2941   0.235053  0.00110887  0.000983965 0.0069915
2.49415  0.245889  0.00140092  0.00102933  0.00729486
2.69411  0.25771   0.00176488  0.00107881  0.00762661
2.89387  0.263304  0.00223795  0.00110223  0.0077839
3.20483  0.264227  0.00308625  0.00110609  0.00780988
3.70651  0.268922  0.00544049  0.00112575  0.00794201
