0.517754 0.0313179 0.000686593 0.000166183 0.00155064
0.704098 0.053348  0.000477364 0.000283083 0.00205427
0.899685 0.0821874 0.000446765 0.000436115 0.0028328
1.09725  0.113548  0.000476327 0.000602523 0.00374161
1.29575  0.145572  0.000548624 0.000772456 0.0046986
1.4948   0.174179  0.000662217 0.000924252 0.005566
1.6946   0.198991  0.000819948 0.00105592  0.00632401
1.89425  0.220783  0.00102523  0.00117155  0.00699265
2.09404  0.241295  0.00129269  0.00128039  0.00762385
2.29406  0.252408  0.0016511   0.00133936  0.0079664
2.49405  0.262559  0.00208042  0.00139323  0.00827959
2.69428  0.268631  0.00263179  0.00142545  0.00846708
2.89435  0.280613  0.00331715  0.00148903  0.00883726
3.20421  0.275137  0.00449828  0.00145997  0.00866802
3.70627  0.285715  0.00789795  0.0015161   0.00899497
