0.517179 0.0146011 0.000415342 7.47759e-05 0.00191814
0.704799 0.0287415 0.00028569  0.000147192 0.00203542
0.900476 0.0501943 0.000259465 0.000257057 0.00232896
1.09801  0.0765736 0.000268095 0.000392152 0.00282027
1.2964   0.102903  0.000301076 0.000526989 0.00339543
1.49517  0.128385  0.000355991 0.000657492 0.00399848
1.69491  0.151448  0.000434895 0.000775602 0.00456841
1.89444  0.172332  0.000537836 0.000882555 0.00509765
2.09417  0.189292  0.000675337 0.000969408 0.00553406
2.29418  0.202852  0.000859374 0.00103885  0.00588633
2.49412  0.214018  0.00108696  0.00109604  0.00617823
2.69448  0.22266   0.00137507  0.0011403   0.0064051
2.89405  0.231335  0.00173406  0.00118472  0.00663361
3.20322  0.229975  0.00244728  0.00117776  0.00659774
3.70646  0.226598  0.0043918   0.00116046  0.00650874
